301.51	1.5722	0.79913
303.1	1.5384	0.75853
304.69	1.5001	0.71792
306.28	1.4569	0.67764
307.87	1.4082	0.63816
309.46	1.3537	0.60004
311.05	1.2928	0.56401
312.65	1.225	0.53097
314.24	1.1496	0.50212
315.83	1.0662	0.47912
317.42	0.97427	0.46427
319.01	0.87377	0.46096
320.6	0.7661	0.47403
322.19	0.65617	0.50951
323.78	0.55503	0.57108
325.38	0.47743	0.6526
326.97	0.42866	0.73403
328.56	0.39422	0.80635
330.15	0.36823	0.87158
331.74	0.34788	0.93088
333.33	0.33146	0.9852
334.92	0.31785	1.0353
336.52	0.30632	1.0819
338.11	0.29637	1.1254
339.7	0.28762	1.1664
341.29	0.27982	1.205
342.88	0.27277	1.2418
344.47	0.26633	1.2767
346.06	0.26038	1.3102
347.66	0.25484	1.3423
349.25	0.24963	1.3731
350.84	0.2447	1.4029
352.43	0.24001	1.4318
354.02	0.23551	1.4597
355.61	0.23119	1.4869
357.2	0.22701	1.5133
358.8	0.22297	1.5391
360.39	0.21904	1.5642
361.98	0.21521	1.5889
363.57	0.21147	1.613
365.16	0.20781	1.6367
366.75	0.20423	1.6599
368.35	0.20072	1.6828
369.94	0.19727	1.7052
371.53	0.19388	1.7274
373.12	0.19056	1.7492
374.71	0.18729	1.7708
376.3	0.18407	1.7921
377.89	0.18091	1.8131
379.49	0.1778	1.8339
381.08	0.17474	1.8545
382.67	0.17173	1.8748
384.26	0.16877	1.895
385.85	0.16586	1.915
387.44	0.163	1.9348
389.03	0.16019	1.9545
390.63	0.15743	1.974
392.22	0.15472	1.9933
393.81	0.15206	2.0126
395.4	0.14945	2.0317
396.99	0.14689	2.0506
398.58	0.14438	2.0695
400.17	0.14192	2.0882
401.76	0.13951	2.1068
403.36	0.13715	2.1253
404.95	0.13484	2.1437
406.54	0.13258	2.1621
408.13	0.13037	2.1803
409.72	0.12821	2.1984
411.31	0.1261	2.2165
412.9	0.12404	2.2344
414.49	0.12202	2.2523
416.08	0.12006	2.2701
417.68	0.11814	2.2878
419.27	0.11627	2.3054
420.86	0.11445	2.323
422.45	0.11268	2.3405
424.04	0.11095	2.3579
425.63	0.10927	2.3753
427.22	0.10763	2.3926
428.81	0.10604	2.4098
430.4	0.10449	2.4269
431.99	0.10299	2.444
433.59	0.10153	2.461
435.18	0.10011	2.478
436.77	0.098735	2.4949
438.36	0.097402	2.5117
439.95	0.096109	2.5285
441.54	0.094856	2.5453
443.13	0.093644	2.5619
444.72	0.092469	2.5785
446.31	0.091333	2.5951
447.9	0.090235	2.6116
449.49	0.089173	2.6281
451.08	0.088148	2.6444
452.68	0.087158	2.6608
454.27	0.086202	2.6771
455.86	0.085281	2.6933
457.45	0.084393	2.7095
459.04	0.083538	2.7257
460.63	0.082715	2.7418
462.22	0.081924	2.7578
463.81	0.081163	2.7738
465.4	0.080432	2.7897
466.99	0.079731	2.8056
468.58	0.079058	2.8215
470.17	0.078414	2.8373
471.76	0.077797	2.8531
473.35	0.077207	2.8688
474.94	0.076643	2.8845
476.54	0.076105	2.9001
478.13	0.075592	2.9157
479.72	0.075104	2.9313
481.31	0.074639	2.9468
482.9	0.074198	2.9622
484.49	0.073779	2.9777
486.08	0.073383	2.9931
487.67	0.073009	3.0084
489.26	0.072655	3.0237
490.85	0.072323	3.039
492.44	0.07201	3.0542
494.03	0.071717	3.0694
495.62	0.071444	3.0846
497.21	0.071189	3.0997
498.8	0.070952	3.1148
500.39	0.070733	3.1298
501.98	0.070531	3.1448
503.57	0.070346	3.1598
505.17	0.070177	3.1748
506.76	0.070024	3.1897
508.35	0.069887	3.2045
509.94	0.069765	3.2194
511.53	0.069658	3.2342
513.12	0.069565	3.249
514.71	0.069486	3.2637
516.3	0.069421	3.2784
517.89	0.069369	3.2931
519.48	0.06933	3.3077
521.07	0.069303	3.3224
522.66	0.069289	3.337
524.25	0.069287	3.3515
525.84	0.069296	3.366
527.43	0.069316	3.3805
529.02	0.069347	3.395
530.61	0.069389	3.4095
532.21	0.069441	3.4239
533.8	0.069503	3.4383
535.39	0.069575	3.4526
536.98	0.069656	3.467
538.57	0.069747	3.4813
540.16	0.069846	3.4956
541.75	0.069954	3.5098
543.34	0.070071	3.524
544.93	0.070195	3.5383
546.52	0.070328	3.5524
548.11	0.070468	3.5666
549.7	0.070616	3.5807
551.29	0.07077	3.5948
552.88	0.070932	3.6089
554.48	0.071101	3.623
556.07	0.071276	3.637
557.66	0.071458	3.651
559.25	0.071645	3.665
560.84	0.071839	3.679
562.43	0.072038	3.6929
564.02	0.072243	3.7069
565.61	0.072453	3.7208
567.2	0.072668	3.7346
568.79	0.072889	3.7485
570.38	0.073114	3.7623
571.97	0.073344	3.7762
573.57	0.073578	3.79
575.16	0.073817	3.8037
576.75	0.074059	3.8175
578.34	0.074306	3.8313
579.93	0.074556	3.845
581.52	0.074811	3.8587
583.11	0.075068	3.8724
584.7	0.075329	3.886
586.29	0.075594	3.8997
587.89	0.075861	3.9133
589.48	0.076131	3.9269
591.07	0.076404	3.9405
592.66	0.07668	3.9541
594.25	0.076958	3.9677
595.84	0.077239	3.9812
597.43	0.077521	3.9947
599.02	0.077806	4.0082
600.61	0.078093	4.0217
602.21	0.078382	4.0352
603.8	0.078673	4.0487
605.39	0.078965	4.0621
606.98	0.079259	4.0755
608.57	0.079554	4.089
610.16	0.079851	4.1024
611.75	0.080149	4.1157
613.34	0.080447	4.1291
614.94	0.080747	4.1425
616.53	0.081048	4.1558
618.12	0.08135	4.1691
619.71	0.081652	4.1825
621.3	0.081955	4.1958
622.89	0.082258	4.209
624.48	0.082562	4.2223
626.07	0.082866	4.2356
627.67	0.08317	4.2488
629.26	0.083475	4.2621
630.85	0.08378	4.2753
632.44	0.084084	4.2885
634.03	0.084389	4.3017
635.62	0.084693	4.3149
637.21	0.084997	4.328
638.8	0.085301	4.3412
640.4	0.085604	4.3543
641.99	0.085907	4.3675
643.58	0.08621	4.3806
645.17	0.086511	4.3937
646.76	0.086813	4.4068
648.35	0.087113	4.4199
649.94	0.087413	4.433
651.53	0.087711	4.4461
653.13	0.088009	4.4591
654.72	0.088306	4.4722
656.31	0.088602	4.4852
657.9	0.088897	4.4983
659.49	0.089191	4.5113
661.08	0.089483	4.5243
662.67	0.089775	4.5373
664.26	0.090065	4.5503
665.85	0.090354	4.5633
667.45	0.090641	4.5762
669.04	0.090927	4.5892
670.63	0.091212	4.6022
672.22	0.091495	4.6151
673.81	0.091777	4.6281
675.4	0.092057	4.641
676.99	0.092336	4.6539
678.58	0.092613	4.6668
680.17	0.092888	4.6797
681.76	0.093162	4.6926
683.35	0.093435	4.7055
684.95	0.093705	4.7184
686.54	0.093974	4.7313
688.13	0.094241	4.7442
689.72	0.094507	4.757
691.31	0.09477	4.7699
692.9	0.095032	4.7827
694.49	0.095292	4.7956
696.08	0.095551	4.8084
697.67	0.095807	4.8212
699.26	0.096062	4.8341
700.85	0.096315	4.8469
702.44	0.096566	4.8597
704.03	0.096816	4.8725
705.62	0.097063	4.8853
707.21	0.097309	4.8981
708.8	0.097553	4.9109
710.39	0.097795	4.9237
711.98	0.098036	4.9364
713.57	0.098274	4.9492
715.15	0.098511	4.962
716.74	0.098746	4.9747
718.33	0.098979	4.9875
719.92	0.099211	5.0002
721.51	0.09944	5.013
723.1	0.099668	5.0257
724.69	0.099895	5.0384
726.28	0.10012	5.0512
727.87	0.10034	5.0639
729.45	0.10056	5.0766
731.04	0.10078	5.0893
732.63	0.101	5.1021
734.22	0.10122	5.1148
735.81	0.10143	5.1275
737.39	0.10165	5.1402
738.98	0.10186	5.1529
740.57	0.10207	5.1656
742.16	0.10228	5.1782
743.74	0.10248	5.1909
745.33	0.10269	5.2036
746.92	0.10289	5.2163
748.5	0.1031	5.229
750.09	0.1033	5.2416
751.68	0.1035	5.2543
753.26	0.1037	5.267
754.85	0.1039	5.2796
756.43	0.10409	5.2923
758.02	0.10429	5.3049
759.6	0.10449	5.3176
761.19	0.10468	5.3302
762.77	0.10487	5.3429
764.36	0.10506	5.3555
765.94	0.10525	5.3681
767.53	0.10544	5.3808
769.11	0.10563	5.3934
770.7	0.10582	5.406
772.28	0.10601	5.4187
773.86	0.1062	5.4313
775.45	0.10638	5.4439
777.03	0.10657	5.4565
778.61	0.10675	5.4691
780.19	0.10694	5.4817
781.78	0.10712	5.4944
783.36	0.1073	5.507
784.94	0.10748	5.5196
786.52	0.10767	5.5322
788.1	0.10785	5.5448
789.68	0.10803	5.5574
791.26	0.10821	5.5699
792.84	0.10839	5.5825
794.42	0.10857	5.5951
796	0.10876	5.6077
797.58	0.10894	5.6203
799.16	0.10912	5.6329
800.74	0.1093	5.6454
802.32	0.10948	5.658
803.89	0.10966	5.6706
805.47	0.10984	5.6832
807.05	0.11002	5.6957
808.63	0.1102	5.7083
810.2	0.11039	5.7208
811.78	0.11057	5.7334
813.35	0.11075	5.746
814.93	0.11093	5.7585
816.5	0.11112	5.7711
818.08	0.1113	5.7836
819.65	0.11149	5.7962
821.23	0.11167	5.8087
822.8	0.11186	5.8212
824.37	0.11205	5.8338
825.94	0.11223	5.8463
827.52	0.11242	5.8588
829.09	0.11261	5.8714
830.66	0.1128	5.8839
832.23	0.11299	5.8964
833.8	0.11318	5.9089
835.37	0.11338	5.9214
836.94	0.11357	5.934
838.51	0.11377	5.9465
840.08	0.11396	5.959
841.64	0.11416	5.9715
843.21	0.11436	5.984
844.78	0.11456	5.9965
846.34	0.11476	6.009
847.91	0.11497	6.0214
849.47	0.11517	6.0339
851.04	0.11538	6.0464
852.6	0.11558	6.0589
854.17	0.11579	6.0714
855.73	0.116	6.0838
857.29	0.11621	6.0963
858.85	0.11643	6.1088
860.41	0.11664	6.1212
861.97	0.11686	6.1337
863.53	0.11708	6.1461
865.09	0.1173	6.1586
866.65	0.11752	6.171
868.21	0.11774	6.1835
869.77	0.11797	6.1959
871.32	0.1182	6.2083
872.88	0.11843	6.2207
874.43	0.11866	6.2332
875.99	0.11889	6.2456
877.54	0.11913	6.258
879.09	0.11937	6.2704
880.65	0.11961	6.2828
882.2	0.11985	6.2952
883.75	0.12009	6.3076
885.3	0.12034	6.32
886.85	0.12059	6.3324
888.4	0.12084	6.3447
889.95	0.12109	6.3571
891.49	0.12135	6.3695
893.04	0.12161	6.3818
894.58	0.12187	6.3942
896.13	0.12213	6.4065
897.67	0.12239	6.4189
899.21	0.12266	6.4312
