299.91829	16.0127	205.75932
301.50903	16.51734	204.91933
303.09985	17.17698	201.08316
304.6907	17.6326	204.79639
306.28159	18.28026	207.14102
307.87256	20.14016	207.22815
309.46353	20.20519	209.30458
311.05457	22.39646	208.35371
312.64563	22.1677	206.24797
314.23674	25.92919	206.05112
315.82788	26.41182	203.68112
317.41907	29.0404	202.44366
319.01028	33.66814	200.0285
320.60151	38.50707	202.02585
322.19277	44.31211	202.8308
323.78406	48.76387	207.46272
325.37537	51.73654	212.62241
326.96672	55.37615	217.53938
328.55808	57.66726	221.80452
330.14946	59.84348	226.45029
331.74084	62.22105	229.10065
333.33227	63.71271	230.7504
334.92371	65.9189	233.82539
336.51514	68.64819	233.53456
338.10659	70.02179	236.35152
339.69807	72.46897	233.8233
341.28955	73.26141	234.80412
342.88103	75.62987	231.74834
344.47253	76.99393	229.66525
346.06404	77.40881	223.27885
347.65554	78.6824	217.26897
349.24705	79.02291	209.66586
350.83857	78.49075	201.40364
352.43008	77.79988	191.69762
354.02161	77.23138	181.72502
355.61314	75.2148	173.92699
357.20464	73.63438	166.65573
358.79617	71.62438	160.14659
360.38767	69.9124	153.69403
361.97918	67.56018	149.38454
363.5707	65.35704	145.19682
365.16218	63.72816	142.52838
366.75369	61.96001	138.87692
368.34517	60.41557	135.77116
369.93667	58.94436	133.0961
371.52812	57.456	130.57825
373.1196	56.10479	128.65323
374.71106	54.70715	126.72458
376.30249	53.35423	124.96471
377.89394	52.46941	123.65054
379.48538	51.80382	121.72261
381.07678	50.88963	120.93721
382.66819	50.15018	119.75774
384.25957	49.6511	118.55163
385.85095	48.89416	117.46214
387.44231	48.42828	116.69604
389.03367	47.86348	115.89299
390.625	47.53607	114.94342
392.21633	46.99694	114.18748
393.80764	46.74405	113.34679
395.39893	46.41701	112.77636
396.99021	46.26732	112.20232
398.58147	46.21128	111.57121
400.17273	46.10814	111.03185
401.76396	45.97503	110.36219
403.35518	45.86077	109.93604
404.94639	46.01408	109.5298
406.53757	46.23914	109.3595
408.12874	46.49696	109.35534
409.71987	46.77473	109.44654
411.31104	47.21977	109.74876
412.90215	47.43391	110.70412
414.49326	47.77116	111.53487
416.08433	47.997	112.88921
417.67539	48.12205	114.30956
419.26646	47.90968	115.54593
420.85752	47.87062	116.49121
422.44853	47.65202	117.34634
424.03955	47.4031	117.80928
425.63052	47.10166	118.32873
427.22148	46.81866	118.85446
428.81245	46.50663	119.3449
430.40342	46.24813	119.84017
431.99434	46.05504	120.08233
433.58525	45.79069	120.33143
435.17612	45.56981	120.50105
436.76704	45.33657	120.7943
438.35791	45.15624	120.89213
439.94873	44.99002	121.06042
441.5396	44.79995	121.21778
443.13042	44.61951	121.43488
444.72124	44.4724	121.52062
446.31201	44.36661	121.54842
447.90278	44.2463	121.67828
449.49356	44.11902	121.7366
451.08433	44.08135	121.8188
452.6751	43.99708	121.88607
454.26582	43.9357	122.05791
455.85654	43.88369	122.18963
457.44727	43.8153	122.31801
459.03794	43.82032	122.47588
460.62861	43.7577	122.63919
462.21929	43.75051	122.77563
463.80996	43.73602	122.84744
465.40064	43.68068	123.17247
466.99131	43.6869	123.28737
468.58193	43.68646	123.45512
470.17256	43.6597	123.64056
471.76318	43.64085	123.83931
473.35381	43.6658	124.04575
474.94443	43.66523	124.27708
476.53501	43.6265	124.47087
478.12563	43.60136	124.74766
479.71621	43.59753	124.94346
481.30679	43.61508	125.16193
482.89736	43.58846	125.41154
484.48794	43.55407	125.71411
486.07852	43.5732	125.89114
487.66909	43.55148	126.16029
489.25967	43.55642	126.39696
490.85024	43.55681	126.6371
492.44077	43.52987	126.84312
494.03135	43.53394	127.11401
495.62187	43.53719	127.37799
497.21245	43.54024	127.56351
498.80303	43.56393	127.79247
500.39355	43.6349	127.9613
501.98413	43.68853	128.22456
503.57466	43.78697	128.44502
505.16523	43.90993	128.81905
506.75581	44.04602	129.25499
508.34634	44.27853	129.93158
509.93691	44.54769	130.91951
511.52749	44.7033	132.44614
513.11807	44.63727	134.78905
514.70864	44.12983	137.70062
516.29922	42.83597	140.81648
517.8898	40.64194	143.10448
519.48037	38.00356	143.33333
521.071	35.70654	141.12929
522.66157	34.3431	137.06349
524.2522	33.95432	132.75691
525.84282	34.31752	128.80577
527.43345	35.17027	125.89409
529.02407	36.16229	123.93613
530.6147	37.19843	122.79528
532.20532	38.16958	122.25889
533.796	38.95775	122.05091
535.38667	39.66123	122.04859
536.97734	40.2807	122.24477
538.56802	40.80484	122.63034
540.15869	41.25092	123.02383
541.74941	41.60804	123.48332
543.34014	41.9408	123.8381
544.93086	42.20853	124.34113
546.52158	42.42486	124.75473
548.1123	42.62431	125.27438
549.70308	42.79969	125.60636
551.29385	42.95041	126.04398
552.88462	43.07342	126.41131
554.47544	43.19867	126.83327
556.06621	43.27745	127.21307
557.65703	43.3671	127.60001
559.2479	43.44672	127.91762
560.83872	43.55911	128.25134
562.42959	43.60427	128.55199
564.02046	43.67464	128.86597
565.61133	43.704	129.16098
567.20225	43.74123	129.46645
568.79316	43.76001	129.77209
570.38408	43.84132	130.06705
571.975	43.86448	130.31937
573.56597	43.89769	130.62158
575.15693	43.92875	130.83348
576.7479	43.95421	131.22499
578.33892	43.97139	131.46675
579.92993	44.01123	131.58713
581.52095	44.0327	131.8853
583.11196	44.05936	132.11707
584.70303	44.05463	132.33475
586.29409	44.09008	132.57408
587.88516	44.07861	132.78134
589.47627	44.15308	133.02492
591.06738	44.15136	133.22716
592.6585	44.16147	133.48099
594.24961	44.1878	133.70964
595.84077	44.17197	133.91759
597.43188	44.21325	134.08757
599.02305	44.19381	134.27588
600.61426	44.21516	134.53984
602.20542	44.21856	134.65823
603.79663	44.24513	134.961
605.38784	44.20668	135.05104
606.97905	44.24525	135.27777
608.57026	44.26944	135.45927
610.16152	44.30019	135.63893
611.75273	44.25454	135.84239
613.34399	44.28358	136.01212
614.93525	44.28774	136.20851
616.52651	44.28626	136.34576
618.11782	44.298	136.54414
619.70908	44.32997	136.73851
621.30039	44.28958	136.89799
622.89165	44.30279	137.12164
624.48296	44.31064	137.30083
626.07427	44.3283	137.48787
627.66558	44.32794	137.62518
629.25684	44.31912	137.84866
630.84815	44.33457	138.02292
632.43945	44.34856	138.15213
634.03076	44.33576	138.30701
635.62207	44.33076	138.51726
637.21338	44.35412	138.72977
638.80464	44.36404	138.81804
640.39595	44.3982	138.93036
641.98721	44.34389	139.13075
643.57852	44.35321	139.31403
645.16977	44.37317	139.44617
646.76103	44.364	139.54781
648.35225	44.37323	139.79955
649.94351	44.38311	140.02858
651.53472	44.39916	140.14592
653.12593	44.36656	140.32443
654.71714	44.35182	140.44727
656.3083	44.35242	140.63802
657.89946	44.33966	140.72813
659.49063	44.38796	140.93312
661.08174	44.40172	141.1055
662.67285	44.38364	141.23512
664.26392	44.37827	141.44849
665.85498	44.37597	141.56306
667.446	44.35584	141.73701
669.03701	44.36917	141.83237
670.62798	44.36017	141.97961
672.2189	44.33479	142.11244
673.80981	44.35667	142.32652
675.40068	44.34903	142.52209
676.9915	44.31656	142.60895
678.58227	44.32085	142.78432
680.17305	44.34277	142.94817
681.76372	44.313	143.03214
683.35439	44.31779	143.26221
684.94502	44.37332	143.36842
686.5356	44.31225	143.6228
688.12607	44.31007	143.76181
689.71655	44.29861	143.92883
691.30698	44.27366	144.09358
692.89731	44.29155	144.2365
694.4876	44.23963	144.32874
696.07783	44.24327	144.53352
697.66802	44.28199	144.68729
699.25811	44.22497	144.81184
700.84815	44.25542	144.98352
702.43809	44.20263	145.14169
704.02798	44.24562	145.27744
705.61777	44.26154	145.45474
707.20747	44.22557	145.56302
708.79712	44.21419	145.70503
710.38667	44.17512	145.87128
711.97617	44.22686	145.92398
713.56553	44.16994	146.15619
715.15483	44.16754	146.22911
716.74404	44.22628	146.4214
718.33311	44.28598	146.5965
719.92212	44.32362	146.68175
721.51099	44.39965	146.84966
723.09976	44.47579	146.97815
724.68843	44.55234	147.12112
726.277	44.68948	147.3429
727.86543	44.88794	147.68791
729.45371	45.16592	148.08907
731.04189	45.4143	148.70549
732.62998	45.68598	149.60472
734.21787	45.93641	150.7617
735.80566	46.14925	152.3287
737.39336	46.1278	154.37491
738.98086	45.73383	156.862
740.56821	44.97512	159.39439
742.15542	43.7841	161.78105
743.74248	42.15487	163.25305
745.32939	40.19033	163.81046
746.91616	38.36545	163.50426
748.50273	36.667	161.98497
750.08911	35.15383	159.39873
751.67534	34.20004	156.17323
753.26143	33.61439	152.75635
754.84731	33.56774	149.16086
756.43301	33.85154	145.92859
758.01851	34.50486	143.32622
759.60381	35.30291	141.2067
761.18892	36.07268	139.69531
762.77383	36.80283	138.60951
764.3585	37.50231	138.01086
765.94302	38.10498	137.77039
767.52725	38.73638	137.66826
769.11133	39.3242	137.75967
770.69512	40.00081	137.96935
772.27871	40.45226	138.06461
773.86206	40.86815	138.32124
775.44521	41.24817	138.54433
777.02808	41.60837	138.92651
778.61069	41.86385	139.11526
780.19302	42.09638	139.46974
781.77515	42.35113	139.79015
783.35698	42.55711	140.18747
784.93853	42.69113	140.37706
786.51982	42.8513	140.84927
788.10083	42.95234	141.04335
789.68154	43.05349	141.29443
791.26196	43.19054	141.66547
792.84209	43.30707	141.85854
794.42188	43.39906	142.10612
796.00142	43.44747	142.26683
797.58057	43.48927	142.57207
799.15947	43.56025	142.812
800.73799	43.62242	142.97925
802.31621	43.7492	143.26349
803.89404	43.74141	143.37354
805.47158	43.75349	143.65083
807.04873	43.90863	143.78325
808.62554	43.89561	144.06824
810.202	43.91011	144.15707
811.77808	43.91129	144.33578
813.35376	43.96762	144.51453
814.92905	43.98535	144.65857
816.504	44.06947	144.81973
818.07852	44.07729	144.9951
819.65264	44.05071	145.12192
821.22627	44.08349	145.30611
822.79961	44.15286	145.43587
824.37246	44.15532	145.50319
825.94492	44.17864	145.63533
827.51689	44.20559	145.75299
829.08838	44.22434	145.85149
830.65947	44.19567	146.00319
832.23008	44.20943	146.13519
833.80029	44.23453	146.327
835.36992	44.29351	146.36363
836.93916	44.24567	146.49072
838.50781	44.249	146.6557
840.07607	44.24645	146.71407
841.64375	44.31437	146.83194
843.21094	44.27116	146.95667
844.77764	44.29169	147.10733
846.34375	44.27025	147.33246
847.90928	44.33714	147.51602
849.47432	44.37114	147.57266
851.03887	44.23885	147.65834
852.60273	44.39586	147.5977
854.16611	44.38653	147.74155
855.72891	44.37278	147.92323
857.29111	44.41703	148.03871
858.85264	44.41589	148.14594
860.41367	44.35099	148.13452
861.97402	44.48751	148.23534
863.53379	44.3589	148.4375
865.09287	44.42804	148.49895
866.65137	44.44854	148.65244
868.20918	44.38022	148.5412
869.76631	44.42363	148.75473
871.32285	44.43926	148.86694
872.87861	44.42481	148.84029
874.43379	44.49221	148.98724
875.98818	44.46886	149.10567
877.54189	44.47043	149.20567
879.09492	44.47397	149.1777
880.64717	44.50428	149.27385
882.19873	44.48462	149.2039
883.74951	44.48588	149.40372
885.29961	44.48992	149.49092
886.84883	44.49958	149.62476
888.39736	44.52978	149.63959
889.94502	44.51685	149.73807
891.49199	44.56056	149.82317
893.03809	44.50789	149.89206
894.5834	44.51081	149.9666
896.12783	44.51225	150.01743
897.67148	44.46719	150.0995
899.21426	44.56751	150.183
900.75615	44.47339	150.252